3397
2322
8224
1748
1280
2207
4171
3366
1584
2018
1718
706
71
191
386
554
119
25
13
4140
365
1681
38
573
808
3961
3801
1494
634
942
983
27
355
10
753
3355
547
279
39
552
2118
193
1128
1140
703
665
490
1231
26
983
112
29
13
34
24
48
497
23
753
3197
395
1253
1458
367
1807
12
4069
75
4157
29
2239
7951
183
217
391
2734
25
293
13
1246
238
1158
792
2416
115
258
268
24
2597
3083
76
1052
2225
374
178
187
3346
624
20347
1487
5405
262
1611
1765
1233
1325
1297
23011
4866
1520
1954
1290
1166
1294
1398
1280
15494
1252
17723
1230
1279
1153
1443
1306
23247
1259
1189
22292
10796
23548
438
1341
1212
1313
604
685
119
108
1004
142
506
6403
3052
30436
274
565
1373
121
361
247
296
317
406
302
554
973
2419
1201
116
267
65
50
32
98
556
0
1793
2972
188
3635
419
2207
1440
2179
4564
2674
927
3870
120
2041
1325
216
272
6571
2584
18838
2164
602
114
47
1632
1523
433
1216
125
34
3996
546
786
387
475
504
92
127
1735
14867
1260
1184
1229
77
1292
506
158
462
490
6543
414
7649
2494
1382
642
1803
453
1757
239
977
6169
769
329
330
149
82
3281
6102
1816
165
609
529
1052
1774
949
1145
1197
790
604
305
220
280
20
2248
99
38
919
176
460
396
450
248
355
253
36
168
570
177
449
91
353
725
82
508
42
398
162
104
56
128
849
63
2836
234
7042
1283
378
3975
4436
9217
1124
314
510
127
677
1518
156
583
68
2507
325
154
154
210
347
212
890
251
1178
5428
707
27
4043
2969
16813
428
2808
696
432
874
640
758
943
438
806
696
441
438
779
636
1711
799
765
5035
706
692
424
424
701
2918
1636
1430
642
2068
420
723
487
687
2838
423
1917
911
1064
2120
1551
819
470
6697
16016
202
689
864
422
771
10293
432
451
2041
663
1545
1737
1537
225
30679
921
77
748
348
643
758
1737
1357
643
648
633
866
631
488
1857
419
748
1201
639
13393
856
866
1264
1689
847
3543
473
218
858
597
2063
678
768
464
2228
5630
8008
692
2713
487
3489
1768
415
684
224
10593
56
44
100
38
168
3540
8950
774
1042
1411
1331
752
711
766
434
1144
1084
929
929
1180
2073
662
930
799
407
917
14014
545
3883
1160
860
1016
792
1323
733
652
656
533
1807
552
116
1632
2320
10048
3473
4256
3759
4038
8857
2325
3942
1752
3859
1124
13861
3028
2094
334
1308
6489
4850
3286
5821
5306
528
890
1201
354
28962
31
1391
312
1623
19
57
12
7935
17792
